     Overall       F6R       F6S       F5R       F2R       F5S  ...      F12R       F3R      F22R      F12S      F22S      F14S
0        1.0  0.800000  0.788236  0.635294  0.776471  0.564705  ...  0.800000  0.811764  0.705882  0.823529  0.741176  0.588235
1        1.0  0.776471  0.776471  0.764706  0.764706  0.694117  ...  0.823529  0.870588  0.611765  0.882353  0.635294  0.776471
2        1.0  0.800000  0.788236  0.776471  0.776471  0.764706  ...  0.588235  0.741176  0.552942  0.505882  0.494118  0.752941
3        1.0  0.729412  0.764706  0.647059  0.776471  0.647059  ...  0.823529  0.670589  0.647059  0.823529  0.694117  0.588235
4        1.0  0.682353  0.788236  0.800000  0.670589  0.752941  ...  0.811764  0.670589  0.529412  0.776471  0.435294  0.423530
..       ...       ...       ...       ...       ...       ...  ...       ...       ...       ...       ...       ...       ...
262      0.0  0.811764  0.800000  0.717647  0.835294  0.741176  ...  0.788236  0.776471  0.588235  0.694117  0.623529  0.694117
263      0.0  0.858823  0.835294  0.847059  0.705882  0.729412  ...  0.741176  0.705882  0.611765  0.741176  0.564705  0.752941
264      0.0  0.847059  0.870588  0.741176  0.800000  0.717647  ...  0.835294  0.752941  0.741176  0.811764  0.788236  0.764706
265      0.0  0.800000  0.847059  0.694117  0.800000  0.741176  ...  0.776471  0.729412  0.776471  0.847059  0.776471  0.729412
266      0.0  0.729412  0.823529  0.694117  0.752941  0.741176  ...  0.882353  0.682353  0.623529  0.870588  0.588235  0.800000

[267 rows x 21 columns]